images/10190279@N06_1027171096.jpg
0.999405 0.0291137 0.0184905 -12.7221 
0.0138105 -0.829082 0.558957 -971.087 
0.0316035 -0.558369 -0.828991 -5401.28 
0 0 0 1 
2.01025 0 0 0 
0 3.0051 0 0 
0 0 -1.00001 -1.00001 
0 0 -1 0 
images/10699036@N08_2183236005.jpg
0.979386 0.19517 0.0520758 600.93 
0.0483007 -0.476594 0.877796 1800.59 
0.196138 -0.857185 -0.476196 -4879.65 
0 0 0 1 
2.18608 0 0 0 
0 2.91477 0 0 
0 0 -1.00001 -1.00001 
0 0 -1 0 
images/10699036@N08_2183236021.jpg
0.946338 -0.322938 0.0124585 -1303.71 
-0.125848 -0.33273 0.934587 2069.28 
-0.297668 -0.886003 -0.355516 -5564.78 
0 0 0 1 
2.8738 0 0 0 
0 2.15535 0 0 
0 0 -1.00001 -1.00001 
0 0 -1 0 
images/11186165@N07_2297563319.jpg
0.911707 0.410297 0.0211471 906.78 
0.0345503 -0.12786 0.99119 2710.93 
0.409386 -0.902944 -0.130747 -9121.34 
0 0 0 1 
4.31889 0 0 0 
0 2.87223 0 0 
0 0 -1.00001 -1.00001 
0 0 -1 0 
images/12407269@N07_1291377840.jpg
0.993518 -0.111758 -0.0208121 -542.346 
-0.0150104 -0.310444 0.950473 852.483 
-0.112684 -0.943999 -0.310109 -9869.21 
0 0 0 1 
6.56327 0 0 0 
0 9.8449 0 0 
0 0 -1.00001 -1.00001 
0 0 -1 0 
images/13012027@N04_2073398235.jpg
0.959564 -0.279865 -0.0301965 -828.4 
-0.0661947 -0.328613 0.942142 2171.13 
-0.273596 -0.902047 -0.333851 -5593.82 
0 0 0 1 
2.32839 0 0 0 
0 3.10453 0 0 
0 0 -1.00001 -1.00001 
0 0 -1 0 
images/13012027@N04_2073400087.jpg
0.990308 -0.138579 -0.00926307 -612.194 
-0.0306861 -0.283358 0.958523 2621.67 
-0.135456 -0.948949 -0.284864 -4893.54 
0 0 0 1 
2.92581 0 0 0 
0 2.19436 0 0 
0 0 -1.00001 -1.00001 
0 0 -1 0 
images/13012027@N04_2073427575.jpg
0.998567 -0.036617 -0.0390182 -319.549 
0.0209338 -0.403736 0.914636 1416.59 
-0.0492443 -0.914143 -0.402391 -6285.17 
0 0 0 1 
2.87129 0 0 0 
0 2.15346 0 0 
0 0 -1.00001 -1.00001 
0 0 -1 0 
images/13012027@N04_2074188818.jpg
0.947371 -0.314698 -0.0587637 -1107.41 
-0.118345 -0.514819 0.849091 853.414 
-0.29746 -0.79745 -0.524967 -5875.08 
0 0 0 1 
2.91138 0 0 0 
0 2.18354 0 0 
0 0 -1.00001 -1.00001 
0 0 -1 0 
images/13012027@N04_2074221384.jpg
0.997256 -0.0438148 -0.0596727 -495.844 
0.0445001 -0.289391 0.956176 1861.98 
-0.0591634 -0.956207 -0.286647 -7084.1 
0 0 0 1 
2.85722 0 0 0 
0 2.14291 0 0 
0 0 -1.00001 -1.00001 
0 0 -1 0 
images/13284673@N00_416967273.jpg
0.998261 -0.0524886 -0.0268253 157.414 
-0.00623436 -0.546542 0.837408 742.94 
-0.0586155 -0.835785 -0.545919 -6066.24 
0 0 0 1 
1.68043 0 0 0 
0 2.51707 0 0 
0 0 -1.00001 -1.00001 
0 0 -1 0 
images/16547151@N00_1491643588.jpg
0.94997 0.311166 -0.0270805 -128.239 
0.131384 -0.319432 0.938457 1610.87 
0.283366 -0.895063 -0.344333 -6966.63 
0 0 0 1 
1.5681 0 0 0 
0 2.35215 0 0 
0 0 -1.00001 -1.00001 
0 0 -1 0 
images/18472724@N00_80247117.jpg
0.997712 0.0631025 -0.0242685 -281.243 
0.0375525 -0.218747 0.975059 2248.87 
0.05622 -0.973739 -0.220616 -7770.36 
0 0 0 1 
2.97279 0 0 0 
0 2.22959 0 0 
0 0 -1.00001 -1.00001 
0 0 -1 0 
images/25556223@N04_2494937213.jpg
0.998687 0.0508629 0.00605539 129.32 
0.0187318 -0.472687 0.881031 1127.09 
0.0476741 -0.879761 -0.473019 -6149.52 
0 0 0 1 
3.03198 0 0 0 
0 2.27471 0 0 
0 0 -1.00001 -1.00001 
0 0 -1 0 
images/27101262@N00_7536391.jpg
0.999942 -0.00658592 0.00853276 -88.4935 
-0.00953016 -0.17036 0.985336 2859.76 
-0.00503572 -0.98536 -0.170413 -5793.2 
0 0 0 1 
2.82285 0 0 0 
0 3.12142 0 0 
0 0 -1.00001 -1.00001 
0 0 -1 0 
images/29198100@N00_2055593900.jpg
0.980335 0.197033 0.0110542 329.022 
0.0364118 -0.235652 0.971155 1947.56 
0.193954 -0.951654 -0.238192 -8392.63 
0 0 0 1 
3.71052 0 0 0 
0 2.47308 0 0 
0 0 -1.00001 -1.00001 
0 0 -1 0 
images/2pworth_50915720.jpg
0.653409 0.405514 0.63923 3048.77 
-0.222425 -0.704303 0.674154 28.7063 
0.723591 -0.582679 -0.370001 -5340.35 
0 0 0 1 
2.10329 0 0 0 
0 2.80438 0 0 
0 0 -1.00001 -1.00001 
0 0 -1 0 
images/32219531@N00_102756761.jpg
0.947485 -0.319589 -0.0116418 -943.849 
-0.202775 -0.62852 0.750896 -58.5108 
-0.247295 -0.709102 -0.660318 -6034.51 
0 0 0 1 
2.16863 0 0 0 
0 2.8915 0 0 
0 0 -1.00001 -1.00001 
0 0 -1 0 
images/32856635@N00_534392407.jpg
0.997266 0.0715532 0.0184836 -462.488 
0.0230723 -0.53906 0.841951 173.417 
0.0702081 -0.839222 -0.539237 -7014.08 
0 0 0 1 
1.88755 0 0 0 
0 2.83466 0 0 
0 0 -1.00001 -1.00001 
0 0 -1 0 
images/36202631@N00_201713249.jpg
0.998937 -0.0423115 -0.0183069 -263.045 
-0.000328187 -0.403611 0.914931 1232.93 
-0.0461009 -0.913952 -0.403196 -6814.69 
0 0 0 1 
3.02132 0 0 0 
0 2.26599 0 0 
0 0 -1.00001 -1.00001 
0 0 -1 0 
images/49325640@N00_3802233.jpg
0.904092 0.426812 0.0211895 1174.02 
-0.0307961 0.0156171 0.999404 4455.98 
0.426227 -0.904205 0.0272635 -9641.1 
0 0 0 1 
2.89561 0 0 0 
0 1.92569 0 0 
0 0 -1.00001 -1.00001 
0 0 -1 0 
images/49968830@N00_65656119.jpg
0.970309 0.238474 0.0403683 693.353 
0.0712264 -0.441236 0.89456 1290.5 
0.231142 -0.865124 -0.445121 -6145.14 
0 0 0 1 
2.76246 0 0 0 
0 2.07185 0 0 
0 0 -1.00001 -1.00001 
0 0 -1 0 
images/58308412@N00_74499252.jpg
0.924239 0.38072 -0.0288827 689.651 
0.146093 -0.282736 0.948007 1598.04 
0.352759 -0.880405 -0.316936 -7502.53 
0 0 0 1 
3.33224 0 0 0 
0 2.2421 0 0 
0 0 -1.00001 -1.00001 
0 0 -1 0 
images/7368078@N04_423060766.jpg
0.99818 0.0375143 -0.0472241 -112.974 
0.0601747 -0.566829 0.821635 495.394 
0.00405509 -0.822981 -0.568054 -6202.22 
0 0 0 1 
2.90685 0 0 0 
0 2.19149 0 0 
0 0 -1.00001 -1.00001 
0 0 -1 0 
images/7437937@N06_428202066.jpg
0.99818 0.0375143 -0.0472242 -112.974 
0.0601748 -0.566829 0.821635 495.392 
0.004055 -0.822981 -0.568054 -6202.22 
0 0 0 1 
2.90685 0 0 0 
0 2.19149 0 0 
0 0 -1.00001 -1.00001 
0 0 -1 0 
images/7697295@N04_2302969557.jpg
0.992682 0.118597 0.0227452 275.105 
0.00322055 -0.214287 0.976765 2255.86 
0.120715 -0.969544 -0.2131 -7813.45 
0 0 0 1 
2.73742 0 0 0 
0 2.05306 0 0 
0 0 -1.00001 -1.00001 
0 0 -1 0 
images/77163391@N00_428510490.jpg
0.652193 0.758053 -0.000332054 1081.81 
0.402227 -0.345685 0.847771 1093.87 
0.64254 -0.553044 -0.530362 -5640.9 
0 0 0 1 
1.1733 0 0 0 
0 1.76171 0 0 
0 0 -1.00001 -1.00001 
0 0 -1 0 
images/79109252@N00_2337647384.jpg
0.931175 -0.358422 0.0666865 -1078.91 
-0.158046 -0.232028 0.959783 3043.42 
-0.328534 -0.904266 -0.272705 -4002.29 
0 0 0 1 
4.63549 0 0 0 
0 6.9805 0 0 
0 0 -1.00001 -1.00001 
0 0 -1 0 
images/79109252@N00_2337647460.jpg
0.933055 -0.342833 0.10897 -856.221 
-0.298551 -0.568987 0.766239 1246 
-0.20069 -0.747476 -0.633249 -4852.69 
0 0 0 1 
6.89682 0 0 0 
0 4.57992 0 0 
0 0 -1.00001 -1.00001 
0 0 -1 0 
images/79109252@N00_2337647534.jpg
0.986586 0.159677 0.0339213 450.265 
0.00483655 -0.236301 0.971668 3062.39 
0.163169 -0.95847 -0.233904 -4036.26 
0 0 0 1 
6.71147 0 0 0 
0 4.45683 0 0 
0 0 -1.00001 -1.00001 
0 0 -1 0 
images/81596301@N00_248194737.jpg
0.930734 0.36552 0.0114173 2758.08 
0.00539948 -0.0449525 0.998974 3250.7 
0.365658 -0.929717 -0.0438124 -16185.2 
0 0 0 1 
2.87129 0 0 0 
0 4.3092 0 0 
0 0 -1.00001 -1.00001 
0 0 -1 0 
images/81596301@N00_248197965.jpg
0.951507 0.30756 0.00637049 767.854 
0.0274654 -0.10556 0.994033 2611.2 
0.306397 -0.945655 -0.108888 -14017.3 
0 0 0 1 
7.3378 0 0 0 
0 4.89187 0 0 
0 0 -1.00001 -1.00001 
0 0 -1 0 
images/8250661@N08_513996970.jpg
0.975321 0.219799 -0.0209039 440.581 
0.0564955 -0.156916 0.985995 1614.29 
0.213441 -0.962842 -0.165461 -15762.4 
0 0 0 1 
6.55632 0 0 0 
0 8.74176 0 0 
0 0 -1.00001 -1.00001 
0 0 -1 0 
images/8250661@N08_513997064.jpg
0.883991 0.467495 -0.0027285 1153.95 
0.152121 -0.282118 0.947242 1336.67 
0.442062 -0.837769 -0.320506 -9048.22 
0 0 0 1 
6.57648 0 0 0 
0 8.76864 0 0 
0 0 -1.00001 -1.00001 
0 0 -1 0 
images/8250661@N08_514024275.jpg
0.964888 0.261929 -0.0196184 523.123 
0.067545 -0.175254 0.982203 1593.57 
0.253829 -0.949041 -0.186792 -13939.6 
0 0 0 1 
6.48253 0 0 0 
0 8.64338 0 0 
0 0 -1.00001 -1.00001 
0 0 -1 0 
images/85428086@N00_231120028.jpg
0.992822 -0.117862 -0.0203238 -440.853 
-0.00583036 -0.217422 0.97606 2073.54 
-0.119459 -0.968935 -0.216549 -8819.35 
0 0 0 1 
2.36686 0 0 0 
0 3.15581 0 0 
0 0 -1.00001 -1.00001 
0 0 -1 0 
images/85428086@N00_231120652.jpg
0.984676 -0.171193 -0.0332549 -924.697 
0.00167424 -0.1814 0.983408 2391.8 
-0.174385 -0.968394 -0.178334 -8571.05 
0 0 0 1 
3.08207 0 0 0 
0 2.31155 0 0 
0 0 -1.00001 -1.00001 
0 0 -1 0 
images/85428086@N00_231120978.jpg
0.787589 -0.616031 -0.0144839 -4532.73 
-0.0596415 -0.0996037 0.993238 3044.66 
-0.613308 -0.781399 -0.115188 -7115.75 
0 0 0 1 
2.30158 0 0 0 
0 3.06878 0 0 
0 0 -1.00001 -1.00001 
0 0 -1 0 
images/85428086@N00_231121544.jpg
0.98645 -0.163871 -0.00794463 -779.845 
0.00183936 -0.0373747 0.9993 3625.17 
-0.164054 -0.985773 -0.0365668 -8215.13 
0 0 0 1 
3.09802 0 0 0 
0 2.32352 0 0 
0 0 -1.00001 -1.00001 
0 0 -1 0 
images/85428086@N00_231121848.jpg
0.999372 -0.0350823 -0.00507708 270.367 
0.0030492 -0.0576174 0.998334 3447.82 
-0.0353164 -0.997722 -0.0574742 -8279.22 
0 0 0 1 
3.07757 0 0 0 
0 2.30818 0 0 
0 0 -1.00001 -1.00001 
0 0 -1 0 
images/85428086@N00_231122028.jpg
0.984 -0.175155 -0.0326194 -821.939 
0.000282745 -0.181549 0.983382 2557.66 
-0.178166 -0.967657 -0.178594 -7569.32 
0 0 0 1 
3.11703 0 0 0 
0 2.33777 0 0 
0 0 -1.00001 -1.00001 
0 0 -1 0 
images/85428086@N00_231122289.jpg
0.986081 -0.149349 -0.0730719 -802.406 
0.0400516 -0.213179 0.976192 2317.29 
-0.161371 -0.965531 -0.20423 -7590.61 
0 0 0 1 
3.0742 0 0 0 
0 2.30565 0 0 
0 0 -1.00001 -1.00001 
0 0 -1 0 
images/85428086@N00_231122557.jpg
0.952317 -0.303512 -0.0311926 -1919.31 
0.0496888 0.053408 0.997335 4168.63 
-0.301038 -0.951329 0.0659425 -6558.9 
0 0 0 1 
2.26043 0 0 0 
0 3.01391 0 0 
0 0 -1.00001 -1.00001 
0 0 -1 0 
images/85428086@N00_231122830.jpg
0.995449 -0.0863019 -0.0404006 -1034.98 
0.0126997 -0.300039 0.953842 2672 
-0.0944402 -0.950015 -0.297577 -4586.03 
0 0 0 1 
3.12532 0 0 0 
0 2.34399 0 0 
0 0 -1.00001 -1.00001 
0 0 -1 0 
images/85428086@N00_231123207.jpg
0.923221 0.383814 0.0187185 950.904 
0.324817 -0.805485 0.495669 -1161.88 
0.205322 -0.451532 -0.86831 -5186.37 
0 0 0 1 
2.31866 0 0 0 
0 3.09154 0 0 
0 0 -1.00001 -1.00001 
0 0 -1 0 
images/85428086@N00_231123840.jpg
0.799643 0.600458 -0.0045703 1717.71 
0.0890588 -0.111068 0.989814 3457.29 
0.593835 -0.791905 -0.142291 -3767.08 
0 0 0 1 
2.31112 0 0 0 
0 3.08149 0 0 
0 0 -1.00001 -1.00001 
0 0 -1 0 
images/85428086@N00_231124124.jpg
0.717968 0.696013 -0.00936888 2094.46 
0.292023 -0.288962 0.911714 2386.33 
0.631858 -0.657317 -0.410717 -4354.51 
0 0 0 1 
2.29624 0 0 0 
0 3.06165 0 0 
0 0 -1.00001 -1.00001 
0 0 -1 0 
images/97964364@N00_335393201.jpg
0.994411 0.105532 -0.00298282 164.042 
0.0115735 -0.0808859 0.996656 3468.97 
0.104938 -0.991121 -0.0816552 -5430.18 
0 0 0 1 
7.57744 0 0 0 
0 5.68308 0 0 
0 0 -1.00001 -1.00001 
0 0 -1 0 
images/97964364@N00_335399646.jpg
0.928177 0.371847 0.0147448 -698.007 
0.259343 -0.674753 0.690977 661.109 
0.266887 -0.637525 -0.722726 -5253.63 
0 0 0 1 
3.2336 0 0 0 
0 2.4252 0 0 
0 0 -1.00001 -1.00001 
0 0 -1 0 
images/97964364@N00_335401397.jpg
0.999712 0.00703562 -0.0229228 -197.289 
0.0239783 -0.293169 0.95576 1883.48 
4.10491e-006 -0.956035 -0.293253 -7145.09 
0 0 0 1 
2.99249 0 0 0 
0 2.24436 0 0 
0 0 -1.00001 -1.00001 
0 0 -1 0 
images/97964364@N00_335403436.jpg
0.999825 0.0139957 -0.0124016 -125.698 
0.0157582 -0.273542 0.961731 2030.32 
0.0100678 -0.961758 -0.273714 -7078.88 
0 0 0 1 
10.3404 0 0 0 
0 13.7872 0 0 
0 0 -1.00001 -1.00001 
0 0 -1 0 
images/_fxr_2223134257.jpg
0.969377 0.245572 -0.00191557 -543.772 
-0.0289699 0.122095 0.992095 5396.84 
0.243865 -0.961659 0.12547 -11262.2 
0 0 0 1 
2.87996 0 0 0 
0 1.71261 0 0 
0 0 -1.00001 -1.00001 
0 0 -1 0 
images/_rom__112625391.jpg
0.999299 -0.00707964 -0.03676 -215.535 
0.0166177 -0.796015 0.605049 -376.088 
-0.033545 -0.605236 -0.795339 -5209.15 
0 0 0 1 
2.79811 0 0 0 
0 2.09859 0 0 
0 0 -1.00001 -1.00001 
0 0 -1 0 
images/_rom__112625421.jpg
0.994529 -0.10417 -0.00783026 -438.346 
-0.0251078 -0.31112 0.950039 2660.89 
-0.101402 -0.944644 -0.312033 -4478.34 
0 0 0 1 
2.80282 0 0 0 
0 2.10212 0 0 
0 0 -1.00001 -1.00001 
0 0 -1 0 
images/absolutwade_191888007.jpg
0.976968 0.213319 -0.00541728 -141.507 
0.0163145 -0.0493573 0.998648 3145.95 
0.212763 -0.975735 -0.0517006 -16482.7 
0 0 0 1 
4.0259 0 0 0 
0 5.36787 0 0 
0 0 -1.00001 -1.00001 
0 0 -1 0 
images/access_280112125.jpg
0.988764 -0.149378 -0.00573144 -544.832 
-0.0235821 -0.193725 0.980772 2434.7 
-0.147617 -0.969617 -0.195071 -7893.91 
0 0 0 1 
3.47117 0 0 0 
0 2.68902 0 0 
0 0 -1.00001 -1.00001 
0 0 -1 0 
images/achtundsiebzig_196444302.jpg
0.887025 -0.419399 0.193107 -1274.65 
-0.35713 -0.358119 0.862675 1073.29 
-0.29265 -0.834179 -0.467441 -6883.26 
0 0 0 1 
2.82602 0 0 0 
0 2.11952 0 0 
0 0 -1.00001 -1.00001 
0 0 -1 0 
images/acme_11938410.jpg
0.971859 0.232449 0.038182 660.505 
0.0116136 -0.209171 0.97781 2121.15 
0.235278 -0.94985 -0.205984 -8737.21 
0 0 0 1 
3.9557 0 0 0 
0 2.96678 0 0 
0 0 -1.00001 -1.00001 
0 0 -1 0 
images/acme_11938422.jpg
0.902084 0.421954 0.0905509 1201.2 
0.192191 -0.580658 0.791138 252.666 
0.386403 -0.696269 -0.604898 -5973.66 
0 0 0 1 
2.21663 0 0 0 
0 2.95424 0 0 
0 0 -1.00001 -1.00001 
0 0 -1 0 
images/acme_1875279484.jpg
0.9992 0.0395894 -0.00561586 -165.934 
0.0170629 -0.29514 0.955301 1694.74 
0.0361624 -0.954633 -0.295579 -7715.57 
0 0 0 1 
2.1859 0 0 0 
0 2.91453 0 0 
0 0 -1.00001 -1.00001 
0 0 -1 0 
images/acme_225281398.jpg
0.979001 0.203761 -0.00620219 417.375 
0.0504702 -0.212791 0.975793 1720.72 
0.197509 -0.955616 -0.218606 -10269.1 
0 0 0 1 
2.84849 0 0 0 
0 3.79635 0 0 
0 0 -1.00001 -1.00001 
0 0 -1 0 
images/acme_225281450.jpg
0.997817 0.0632103 0.0191305 111.513 
-0.00107849 -0.274038 0.961718 1790.62 
0.066033 -0.959639 -0.273371 -8121.02 
0 0 0 1 
3.21155 0 0 0 
0 2.40866 0 0 
0 0 -1.00001 -1.00001 
0 0 -1 0 
images/adactio_499686917.jpg
0.932758 0.360488 -0.00338215 2313.52 
0.0156058 -0.0310032 0.999397 3443.26 
0.360166 -0.932248 -0.0345442 -16207.5 
0 0 0 1 
2.80269 0 0 0 
0 2.10202 0 0 
0 0 -1.00001 -1.00001 
0 0 -1 0 
images/adactio_502326700.jpg
0.862855 0.504638 0.0286746 1440.45 
0.0226117 -0.095212 0.9952 3392.13 
0.504946 -0.858065 -0.0935649 -5301.29 
0 0 0 1 
2.72518 0 0 0 
0 2.04389 0 0 
0 0 -1.00001 -1.00001 
0 0 -1 0 
images/agostinofedeli_2185074889.jpg
0.991102 -0.131584 -0.0200863 -518.901 
-0.00576623 -0.193203 0.981142 2442.91 
-0.132983 -0.972295 -0.192243 -7645.03 
0 0 0 1 
2.59104 0 0 0 
0 1.94328 0 0 
0 0 -1.00001 -1.00001 
0 0 -1 0 
images/al_9_1355240900.jpg
0.999872 -0.0151417 0.00522922 -217.874 
-0.00838688 -0.216687 0.976205 2077.86 
-0.0136484 -0.976124 -0.216786 -8346.24 
0 0 0 1 
2.76612 0 0 0 
0 2.12591 0 0 
0 0 -1.00001 -1.00001 
0 0 -1 0 
images/albertane_130860245.jpg
0.883199 0.468951 0.00671669 821.684 
0.117022 -0.234216 0.965116 2497.12 
0.454165 -0.851603 -0.261737 -5733.19 
0 0 0 1 
1.64779 0 0 0 
0 2.19706 0 0 
0 0 -1.00001 -1.00001 
0 0 -1 0 
images/alecea_2304877304.jpg
0.95432 0.298763 0.00382904 488.819 
0.0768248 -0.25774 0.963155 1890.4 
0.288742 -0.918864 -0.268919 -7767.08 
0 0 0 1 
3.27437 0 0 0 
0 2.17695 0 0 
0 0 -1.00001 -1.00001 
0 0 -1 0 
images/alex1961_2465540157.jpg
0.994531 0.103758 -0.0119145 1059.31 
0.0127644 -0.00753156 0.99989 3834.47 
0.103657 -0.994574 -0.0088147 -6934.24 
0 0 0 1 
2.23674 0 0 0 
0 1.67756 0 0 
0 0 -1.00001 -1.00001 
0 0 -1 0 
images/alex1961_2465542557.jpg
0.99057 -0.135053 -0.0230655 -537.26 
-0.0119853 -0.253123 0.96736 2385.41 
-0.136483 -0.957961 -0.252354 -6219.38 
0 0 0 1 
2.19726 0 0 0 
0 1.64794 0 0 
0 0 -1.00001 -1.00001 
0 0 -1 0 
images/alex1961_2465544291.jpg
0.989171 -0.143381 -0.0313404 -616.267 
-0.0215723 -0.35326 0.935276 1714.75 
-0.145172 -0.924472 -0.352527 -6431.65 
0 0 0 1 
7.59179 0 0 0 
0 10.1224 0 0 
0 0 -1.00001 -1.00001 
0 0 -1 0 
images/alex1961_2465547309.jpg
0.990984 -0.130927 -0.0284484 -515.658 
0.00727769 -0.159415 0.987185 2975.32 
-0.133784 -0.978491 -0.157025 -5919.01 
0 0 0 1 
1.60444 0 0 0 
0 2.13925 0 0 
0 0 -1.00001 -1.00001 
0 0 -1 0 
images/alex1961_2465550785.jpg
0.997699 -0.0677933 0.000552298 -51.9488 
-0.00135122 -0.0117394 0.99993 3832.42 
-0.0677821 -0.99763 -0.011804 -5507.27 
0 0 0 1 
1.64252 0 0 0 
0 2.19003 0 0 
0 0 -1.00001 -1.00001 
0 0 -1 0 
images/alex1961_2465550867.jpg
0.984207 -0.175343 0.024314 -734.665 
-0.021711 0.0167487 0.999624 3992.28 
-0.175684 -0.984365 0.0126774 -4610.26 
0 0 0 1 
1.50817 0 0 0 
0 2.68119 0 0 
0 0 -1.00001 -1.00001 
0 0 -1 0 
images/alex1961_2465556575.jpg
0.996356 -0.0804473 -0.0283456 -463.708 
-0.00903331 -0.429979 0.902794 2094.35 
-0.0848154 -0.899248 -0.429139 -4712.46 
0 0 0 1 
1.61743 0 0 0 
0 2.15658 0 0 
0 0 -1.00001 -1.00001 
0 0 -1 0 
images/alex1961_2466363650.jpg
0.985279 -0.170928 -0.00293492 -789.213 
-0.0267859 -0.171312 0.984852 2644.9 
-0.168842 -0.970276 -0.173369 -7333.68 
0 0 0 1 
1.61413 0 0 0 
0 2.15217 0 0 
0 0 -1.00001 -1.00001 
0 0 -1 0 
images/alex1961_2466364636.jpg
0.989915 -0.141558 -0.00541243 -594.844 
-0.0117229 -0.119934 0.992712 3020.96 
-0.141176 -0.982638 -0.120384 -7269.54 
0 0 0 1 
2.18906 0 0 0 
0 1.64179 0 0 
0 0 -1.00001 -1.00001 
0 0 -1 0 
images/alex1961_2466367108.jpg
0.998267 -0.05879 -0.00252595 -29.5926 
-0.00283528 -0.0909312 0.995853 3236.61 
-0.0587759 -0.99412 -0.0909403 -7300.56 
0 0 0 1 
1.67119 0 0 0 
0 2.22825 0 0 
0 0 -1.00001 -1.00001 
0 0 -1 0 
images/alex1961_2466371362.jpg
0.98545 -0.169713 -0.00929823 -670.418 
-0.00394446 -0.0775263 0.996982 3460.41 
-0.169922 -0.982439 -0.0770676 -5684.08 
0 0 0 1 
10.1976 0 0 0 
0 7.64818 0 0 
0 0 -1.00001 -1.00001 
0 0 -1 0 
images/alex1961_2466373816.jpg
0.994337 -0.105339 -0.0140912 -322.947 
-0.0100731 -0.225404 0.974213 2560.79 
-0.105799 -0.968554 -0.225189 -6173.25 
0 0 0 1 
2.17633 0 0 0 
0 1.63224 0 0 
0 0 -1.00001 -1.00001 
0 0 -1 0 
images/alex1961_2466374890.jpg
0.993771 -0.1101 -0.0172235 -366.679 
-0.00680516 -0.214223 0.976761 2632.97 
-0.111231 -0.97056 -0.213638 -6107.71 
0 0 0 1 
2.14892 0 0 0 
0 1.61169 0 0 
0 0 -1.00001 -1.00001 
0 0 -1 0 
images/alex1961_2466380446.jpg
0.996424 -0.0744638 -0.039924 -491.988 
0.0180786 -0.273677 0.961652 2853.15 
-0.0825345 -0.958935 -0.271352 -4774.05 
0 0 0 1 
25.7532 0 0 0 
0 34.3376 0 0 
0 0 -1.00001 -1.00001 
0 0 -1 0 
images/alex1961_2471586349.jpg
0.985984 0.166309 -0.013293 346.915 
0.0582238 -0.268329 0.961566 2257.97 
0.156351 -0.948863 -0.274251 -6371.02 
0 0 0 1 
2.23922 0 0 0 
0 1.67942 0 0 
0 0 -1.00001 -1.00001 
0 0 -1 0 
images/alex1961_2471587281.jpg
0.98956 0.143629 0.0118666 327.188 
0.0252856 -0.254091 0.96685 2399.6 
0.141883 -0.956456 -0.25507 -6222.21 
0 0 0 1 
2.23077 0 0 0 
0 1.67308 0 0 
0 0 -1.00001 -1.00001 
0 0 -1 0 
images/alex1961_2471589077.jpg
0.994275 0.106678 -0.00607404 64.2373 
0.0482372 -0.397411 0.916372 1446.65 
0.0953427 -0.911419 -0.400281 -6433.73 
0 0 0 1 
1.65497 0 0 0 
0 2.20663 0 0 
0 0 -1.00001 -1.00001 
0 0 -1 0 
images/alex1961_2471590117.jpg
0.994662 0.102159 0.0145094 125.046 
-0.0430252 0.282819 0.958208 5224.74 
0.093786 -0.953717 0.285705 -3859.4 
0 0 0 1 
2.19377 0 0 0 
0 1.64532 0 0 
0 0 -1.00001 -1.00001 
0 0 -1 0 
images/alex1961_2471598779.jpg
0.933799 -0.00690602 -0.35773 -1127.34 
0.3524 -0.155252 0.922882 1800.62 
-0.0619117 -0.987851 -0.14254 -4703.08 
0 0 0 1 
2.26857 0 0 0 
0 3.02476 0 0 
0 0 -1.00001 -1.00001 
0 0 -1 0 
images/alex1961_2471628493.jpg
0.979466 0.20134 -0.0103865 453.145 
0.0486402 -0.185997 0.981346 2127.48 
0.195653 -0.9617 -0.191971 -9428.24 
0 0 0 1 
3.30962 0 0 0 
0 2.48221 0 0 
0 0 -1.00001 -1.00001 
0 0 -1 0 
images/alex1961_2472408182.jpg
0.996491 0.0835436 0.00512329 98.5234 
0.0035283 -0.103083 0.994666 3161.52 
0.0836261 -0.991158 -0.103016 -7327.04 
0 0 0 1 
2.21356 0 0 0 
0 1.66017 0 0 
0 0 -1.00001 -1.00001 
0 0 -1 0 
images/alex1961_2472410946.jpg
0.993502 0.113545 -0.00784112 101.32 
0.0110562 -0.0277134 0.999555 3832.64 
0.113277 -0.993146 -0.0287887 -5117.7 
0 0 0 1 
1.45234 0 0 0 
0 1.93645 0 0 
0 0 -1.00001 -1.00001 
0 0 -1 0 
images/alex1961_2472417696.jpg
0.97404 0.225685 -0.0176599 -515.366 
0.0692942 -0.222981 0.972356 2880.58 
0.215509 -0.948338 -0.232832 -4781.53 
0 0 0 1 
1.67099 0 0 0 
0 2.22798 0 0 
0 0 -1.00001 -1.00001 
0 0 -1 0 
images/alex1961_2472450296.jpg
0.993414 0.101116 0.0538912 -206.998 
-0.0400687 -0.134066 0.990162 2759.32 
0.107346 -0.9858 -0.129132 -9268.07 
0 0 0 1 
1.4906 0 0 0 
0 1.98746 0 0 
0 0 -1.00001 -1.00001 
0 0 -1 0 
images/alex1961_2472451562.jpg
0.986681 0.148385 -0.0666519 -233.458 
0.0779064 -0.0713679 0.994403 3136.77 
0.142798 -0.986351 -0.0819775 -9050.21 
0 0 0 1 
3.26405 0 0 0 
0 2.44804 0 0 
0 0 -1.00001 -1.00001 
0 0 -1 0 
images/alex1961_2472452294.jpg
0.969546 0.225174 -0.0963153 320.079 
0.112202 -0.0588236 0.991943 3230.05 
0.217694 -0.972541 -0.0822971 -9344 
0 0 0 1 
3.4432 0 0 0 
0 2.5824 0 0 
0 0 -1.00001 -1.00001 
0 0 -1 0 
images/alex1961_2472453180.jpg
0.980903 0.194115 0.0121671 437.568 
-0.00737979 -0.0253667 0.999651 3779.79 
0.194355 -0.980651 -0.0234497 -9597.35 
0 0 0 1 
1.65578 0 0 0 
0 2.20771 0 0 
0 0 -1.00001 -1.00001 
0 0 -1 0 
images/alex1961_2472454100.jpg
0.984926 0.172973 -0.000779189 220.244 
0.0192884 -0.105352 0.994248 2951.44 
0.171896 -0.979276 -0.1071 -9434.02 
0 0 0 1 
1.5458 0 0 0 
0 2.06106 0 0 
0 0 -1.00001 -1.00001 
0 0 -1 0 
images/alex1961_2475166768.jpg
0.994448 0.104966 -0.00742918 60.7045 
0.026262 -0.179199 0.983462 2815.6 
0.101899 -0.978197 -0.180961 -5684.59 
0 0 0 1 
1.81083 0 0 0 
0 1.41728 0 0 
0 0 -1.00001 -1.00001 
0 0 -1 0 
images/alexindigo_380946248.jpg
0.976524 0.215349 -0.00504638 445.997 
0.0120286 -0.0311249 0.999443 3638.93 
0.215072 -0.976041 -0.0329845 -8364.5 
0 0 0 1 
2.9284 0 0 0 
0 1.94934 0 0 
0 0 -1.00001 -1.00001 
0 0 -1 0 
images/alexindigo_380947116.jpg
0.917093 0.398074 0.0218569 1070.01 
0.0198352 -0.100316 0.994758 3395.7 
0.39818 -0.911852 -0.0998945 -5104.54 
0 0 0 1 
7.1474 0 0 0 
0 10.7265 0 0 
0 0 -1.00001 -1.00001 
0 0 -1 0 
images/algreen_2068599265.jpg
0.912982 0.405848 0.0418574 1120.78 
0.043198 -0.198169 0.979215 3010.35 
0.405707 -0.892198 -0.198456 -4674.44 
0 0 0 1 
2.11573 0 0 0 
0 2.82097 0 0 
0 0 -1.00001 -1.00001 
0 0 -1 0 
images/algreen_2069395624.jpg
0.926085 0.375412 0.037858 1060.65 
0.0892155 -0.315355 0.94477 2690.4 
0.366617 -0.87156 -0.325538 -4137.28 
0 0 0 1 
2.10063 0 0 0 
0 2.80084 0 0 
0 0 -1.00001 -1.00001 
0 0 -1 0 
images/algreen_2069396184.jpg
0.946644 0.310967 0.0846441 1035.81 
0.152155 -0.662766 0.733205 743.508 
0.284102 -0.681205 -0.674718 -4885.58 
0 0 0 1 
2.10389 0 0 0 
0 2.80518 0 0 
0 0 -1.00001 -1.00001 
0 0 -1 0 
images/algreen_2106154790.jpg
0.961107 0.250361 0.116589 750.789 
0.106433 -0.725312 0.680143 -332.58 
0.254845 -0.641281 -0.723749 -5607.95 
0 0 0 1 
2.42061 0 0 0 
0 2.80651 0 0 
0 0 -1.00001 -1.00001 
0 0 -1 0 
images/alinesalazar_278889194.jpg
0.983016 -0.180485 -0.0332529 -1092.43 
0.0122029 -0.11651 0.993114 3203.57 
-0.183116 -0.976653 -0.112329 -6121.48 
0 0 0 1 
2.97861 0 0 0 
0 2.23326 0 0 
0 0 -1.00001 -1.00001 
0 0 -1 0 
images/allez_asnl_2086643493.jpg
0.999704 0.0213172 0.0117571 64.0282 
0.00713799 -0.718393 0.6956 73.3567 
0.0232744 -0.69531 -0.718332 -5388.55 
0 0 0 1 
2.68412 0 0 0 
0 3.57883 0 0 
0 0 -1.00001 -1.00001 
0 0 -1 0 
images/allez_asnl_2087428412.jpg
0.999649 0.0170274 -0.0202818 -79.824 
0.0242589 -0.281662 0.959207 2717.27 
0.0106202 -0.959362 -0.281976 -4644.82 
0 0 0 1 
2.6565 0 0 0 
0 3.54201 0 0 
0 0 -1.00001 -1.00001 
0 0 -1 0 
images/allez_asnl_2087428562.jpg
0.929244 -0.35783 -0.0919992 -1720.32 
-0.211711 -0.71977 0.661142 -45.0289 
-0.302795 -0.594885 -0.744598 -5069.18 
0 0 0 1 
3.47686 0 0 0 
0 2.60765 0 0 
0 0 -1.00001 -1.00001 
0 0 -1 0 
images/allypark_2196306745.jpg
0.990951 0.129455 -0.0354772 -1956.64 
0.0322192 0.0271755 0.999111 3699 
0.130304 -0.991213 0.0227587 -1907.13 
0 0 0 1 
0.853119 0 0 0 
0 1.27458 0 0 
0 0 -1.00001 -1.00001 
0 0 -1 0 
images/aoifecahill_379215472.jpg
0.996419 0.0833103 0.0144111 119.907 
0.00550125 -0.233973 0.972227 2122.62 
0.0843684 -0.968667 -0.233594 -7818.68 
0 0 0 1 
1.98193 0 0 0 
0 2.95844 0 0 
0 0 -1.00001 -1.00001 
0 0 -1 0 
images/aoifecahill_379216157.jpg
0.988336 0.138883 0.0624811 437.133 
0.0288294 -0.573483 0.81871 960.403 
0.149537 -0.807359 -0.570797 -5434.7 
0 0 0 1 
1.9641 0 0 0 
0 2.93184 0 0 
0 0 -1.00001 -1.00001 
0 0 -1 0 
images/aoifecahill_379216462.jpg
0.997164 -0.0530442 -0.0533916 -462.874 
-0.00611966 -0.764207 0.644942 135.273 
-0.0750127 -0.642786 -0.762364 -4999.1 
0 0 0 1 
1.9547 0 0 0 
0 2.9178 0 0 
0 0 -1.00001 -1.00001 
0 0 -1 0 
images/aoifecahill_379216618.jpg
0.998941 -0.00797762 -0.0453095 -293.767 
0.00125787 -0.979747 0.200236 -2279.06 
-0.0459893 -0.200081 -0.978699 -4458.82 
0 0 0 1 
1.95323 0 0 0 
0 2.91561 0 0 
0 0 -1.00001 -1.00001 
0 0 -1 0 
images/aoifecahill_379218930.jpg
0.973391 0.228726 -0.0139596 554.552 
0.0674575 -0.227794 0.97137 496.716 
0.218997 -0.946464 -0.237162 -15699.8 
0 0 0 1 
1.96935 0 0 0 
0 2.93966 0 0 
0 0 -1.00001 -1.00001 
0 0 -1 0 
images/aprillynn77_2186028637.jpg
0.985244 0.171153 -0.000153516 399.08 
0.0316429 -0.181271 0.982924 2174.79 
0.168203 -0.968425 -0.184012 -9811.03 
0 0 0 1 
4.9942 0 0 0 
0 3.74565 0 0 
0 0 -1.00001 -1.00001 
0 0 -1 0 
images/arkangel_213607446.jpg
0.841244 0.173785 -0.511964 -1493.65 
0.539551 -0.330351 0.774437 559.723 
-0.0345422 -0.927721 -0.371672 -7421.81 
0 0 0 1 
2.18355 0 0 0 
0 2.9114 0 0 
0 0 -1.00001 -1.00001 
0 0 -1 0 
images/arnaudlimbourg_30384870.jpg
0.999867 -0.0150986 -0.00615278 -164.514 
-0.00456484 -0.621528 0.783379 -35.5613 
-0.015652 -0.783246 -0.621514 -6300.69 
0 0 0 1 
2.1259 0 0 0 
0 2.83453 0 0 
0 0 -1.00001 -1.00001 
0 0 -1 0 
images/ashley_r_2406408381.jpg
0.995521 -0.0814551 0.0479812 301.46 
-0.0673042 -0.254263 0.96479 1952.93 
-0.0663873 -0.963699 -0.258606 -7964.33 
0 0 0 1 
1.73488 0 0 0 
0 2.60231 0 0 
0 0 -1.00001 -1.00001 
0 0 -1 0 
images/ashley_r_2406409669.jpg
0.982694 -0.182161 0.0336251 -494.793 
-0.0783703 -0.244372 0.96651 2015.11 
-0.167844 -0.952418 -0.254418 -7872.74 
0 0 0 1 
3.63436 0 0 0 
0 2.4229 0 0 
0 0 -1.00001 -1.00001 
0 0 -1 0 
images/ashley_r_2406413237.jpg
0.996669 -0.0794448 -0.0184141 -342.756 
0.00548645 -0.159967 0.987107 2706.84 
-0.0813662 -0.98392 -0.158998 -7496.51 
0 0 0 1 
2.48309 0 0 0 
0 1.6554 0 0 
0 0 -1.00001 -1.00001 
0 0 -1 0 
images/ashley_r_2406414679.jpg
0.996552 -0.0703299 0.0440266 -209.764 
-0.071993 -0.469112 0.880199 1322.31 
-0.0412509 -0.880334 -0.472558 -5871.88 
0 0 0 1 
2.55272 0 0 0 
0 1.70181 0 0 
0 0 -1.00001 -1.00001 
0 0 -1 0 
images/ashley_r_2406415723.jpg
0.919718 -0.384398 -0.0797351 -2101.63 
-0.212911 -0.659041 0.721341 -105.191 
-0.329831 -0.646454 -0.687974 -5568.22 
0 0 0 1 
4.83154 0 0 0 
0 7.2473 0 0 
0 0 -1.00001 -1.00001 
0 0 -1 0 
images/ashley_r_2406416885.jpg
0.999375 -0.017661 0.0306365 -37.5542 
-0.0344885 -0.678198 0.73407 -137.584 
0.00781318 -0.734667 -0.678383 -5944.94 
0 0 0 1 
1.77346 0 0 0 
0 2.66018 0 0 
0 0 -1.00001 -1.00001 
0 0 -1 0 
images/ashley_r_2407242054.jpg
0.999429 -0.011049 0.0319339 347.796 
-0.0326851 -0.0762614 0.996552 3334.24 
-0.00857556 -0.997027 -0.0765789 -7277.88 
0 0 0 1 
2.53967 0 0 0 
0 1.69311 0 0 
0 0 -1.00001 -1.00001 
0 0 -1 0 
images/ashley_r_2407243098.jpg
0.999559 -0.00373242 0.0294656 421.661 
-0.0291813 -0.3082 0.950874 1543.71 
0.00553227 -0.951314 -0.308173 -7933.83 
0 0 0 1 
1.71595 0 0 0 
0 2.57393 0 0 
0 0 -1.00001 -1.00001 
0 0 -1 0 
images/askolizzato71_420521074.jpg
0.998893 0.0455161 0.0118533 42.3948 
0.0178842 -0.600644 0.799316 309.776 
0.0435013 -0.79822 -0.600793 -6175.77 
0 0 0 1 
2.06084 0 0 0 
0 2.74778 0 0 
0 0 -1.00001 -1.00001 
0 0 -1 0 
images/askolizzato71_420521148.jpg
0.920171 0.391446 0.00740042 426.51 
0.141718 -0.350637 0.925726 1415.48 
0.364967 -0.850778 -0.378121 -6907.28 
0 0 0 1 
2.0098 0 0 0 
0 2.67974 0 0 
0 0 -1.00001 -1.00001 
0 0 -1 0 
images/askolizzato71_847589061.jpg
0.422528 -0.906345 -0.00280822 -2935.36 
-0.394311 -0.186612 0.89983 2292.28 
-0.816081 -0.379097 -0.436231 -4236.02 
0 0 0 1 
2.08274 0 0 0 
0 2.77698 0 0 
0 0 -1.00001 -1.00001 
0 0 -1 0 
images/ayustety_137068297.jpg
0.99474 0.101972 0.00969133 82.474 
0.01396 -0.228692 0.973399 2163.55 
0.101475 -0.968143 -0.228913 -7794.88 
0 0 0 1 
2.79592 0 0 0 
0 2.09694 0 0 
0 0 -1.00001 -1.00001 
0 0 -1 0 
images/ayustety_337333317.jpg
0.971146 -0.231268 -0.0582341 -819.192 
-0.163773 -0.824218 0.542073 -812.848 
-0.173361 -0.516894 -0.838311 -5145.72 
0 0 0 1 
1.57481 0 0 0 
0 2.36222 0 0 
0 0 -1.00001 -1.00001 
0 0 -1 0 
images/baguette_2515925257.jpg
-0.0522802 -0.203204 0.97774 2109.75 
-0.977733 0.20967 -0.00870391 708.971 
-0.203234 -0.956424 -0.209641 -8772.68 
0 0 0 1 
2.705 0 0 0 
0 4.17034 0 0 
0 0 -1.00001 -1.00001 
0 0 -1 0 
images/baguette_2515927129.jpg
0.816458 -0.576143 0.0381424 -1798.46 
-0.500232 -0.672798 0.545079 -854.811 
-0.288381 -0.464114 -0.837516 -5307 
0 0 0 1 
3.87979 0 0 0 
0 5.98152 0 0 
0 0 -1.00001 -1.00001 
0 0 -1 0 
images/baguette_2515928057.jpg
0.99938 -0.0350833 -0.00302789 -234.213 
-0.0107136 -0.384839 0.922921 1575.12 
-0.0335444 -0.922317 -0.384976 -6372.22 
0 0 0 1 
3.92544 0 0 0 
0 6.0519 0 0 
0 0 -1.00001 -1.00001 
0 0 -1 0 
images/balachandar_2401793456.jpg
0.983734 0.178381 0.0211401 222.12 
-0.0186888 -0.0154109 0.999706 3804.2 
0.178654 -0.983841 -0.0118265 -7820.69 
0 0 0 1 
2.05761 0 0 0 
0 3.09415 0 0 
0 0 -1.00001 -1.00001 
0 0 -1 0 
images/balachandar_2401794800.jpg
0.977885 0.209115 0.00332088 401.192 
0.0151114 -0.0864847 0.996139 3198.9 
0.208595 -0.974059 -0.0877321 -8115.9 
0 0 0 1 
1.57612 0 0 0 
0 2.3701 0 0 
0 0 -1.00001 -1.00001 
0 0 -1 0 
images/bdesham_1123347137.jpg
0.973923 0.226868 0.00244149 319.818 
0.0131656 -0.0672551 0.997649 2865.36 
0.226499 -0.971601 -0.0684881 -16482.7 
0 0 0 1 
7.0473 0 0 0 
0 5.63646 0 0 
0 0 -1.00001 -1.00001 
0 0 -1 0 
images/beggs_2603635497.jpg
0.999997 -0.00234791 0.00109104 -95.806 
-0.00175096 -0.302891 0.953023 1579.92 
-0.00190715 -0.953022 -0.302894 -7821.61 
0 0 0 1 
4.38717 0 0 0 
0 6.58076 0 0 
0 0 -1.00001 -1.00001 
0 0 -1 0 
images/beggs_2603656317.jpg
0.999683 -0.0251398 0.00123969 -190.278 
-0.00775117 -0.260619 0.96541 1917.65 
-0.0239472 -0.965114 -0.260731 -7864.23 
0 0 0 1 
1.8028 0 0 0 
0 2.7042 0 0 
0 0 -1.00001 -1.00001 
0 0 -1 0 
images/beggs_2603664685.jpg
0.999678 -0.02522 0.0027209 -190.614 
-0.00647531 -0.150007 0.988664 2801.79 
-0.024526 -0.988363 -0.150122 -7585.25 
0 0 0 1 
12.9977 0 0 0 
0 19.4965 0 0 
0 0 -1.00001 -1.00001 
0 0 -1 0 
images/beggs_2603669021.jpg
0.999581 -0.0285658 0.00470396 -205.419 
-0.00657828 -0.0658792 0.997806 3435.57 
-0.0281932 -0.997419 -0.0660395 -7211.43 
0 0 0 1 
12.7357 0 0 0 
0 19.1036 0 0 
0 0 -1.00001 -1.00001 
0 0 -1 0 
images/beggs_2603918397.jpg
0.888781 0.458286 0.00645812 1180.16 
0.0624868 -0.135119 0.988857 2664.63 
0.454052 -0.878474 -0.148728 -8902.39 
0 0 0 1 
2.12654 0 0 0 
0 3.19036 0 0 
0 0 -1.00001 -1.00001 
0 0 -1 0 
images/beggs_2604032389.jpg
0.610045 0.792355 0.00425813 2125.19 
0.127492 -0.103459 0.986429 2474.74 
0.782043 -0.601223 -0.164134 -7227.1 
0 0 0 1 
1.54871 0 0 0 
0 2.32307 0 0 
0 0 -1.00001 -1.00001 
0 0 -1 0 
images/beggs_2604036425.jpg
0.999659 -0.0260599 -0.00169233 -194.397 
-0.00550526 -0.273642 0.961816 1807.02 
-0.0255279 -0.961478 -0.273692 -7924.55 
0 0 0 1 
2.80142 0 0 0 
0 1.86762 0 0 
0 0 -1.00001 -1.00001 
0 0 -1 0 
images/beggs_2604467668.jpg
0.9999 -0.0141096 -0.000271395 -165.598 
-0.00305383 -0.235111 0.971964 2109.36 
-0.0137778 -0.971866 -0.235131 -7858.35 
0 0 0 1 
4.26292 0 0 0 
0 2.84195 0 0 
0 0 -1.00001 -1.00001 
0 0 -1 0 
images/beggs_2604488682.jpg
0.999709 -0.0240324 -0.0018911 -198.254 
-0.00366733 -0.229151 0.973384 2179.03 
-0.0238261 -0.973094 -0.229172 -7754.41 
0 0 0 1 
12.7881 0 0 0 
0 19.1821 0 0 
0 0 -1.00001 -1.00001 
0 0 -1 0 
images/beggs_2604735962.jpg
0.999754 -0.0214399 -0.00573798 -179.767 
0.000619762 -0.231463 0.972843 2193.77 
-0.0221858 -0.972607 -0.231393 -7426.71 
0 0 0 1 
1.69315 0 0 0 
0 2.53973 0 0 
0 0 -1.00001 -1.00001 
0 0 -1 0 
images/beggs_2604741122.jpg
0.999906 -0.0136374 -0.00145008 -109.853 
-0.00423971 -0.407938 0.913 750.652 
-0.0130425 -0.912908 -0.407957 -7885.03 
0 0 0 1 
2.6073 0 0 0 
0 1.7382 0 0 
0 0 -1.00001 -1.00001 
0 0 -1 0 
images/beggs_2604870080.jpg
0.999618 -0.0272995 -0.00439358 -209.339 
-0.00289742 -0.261435 0.965216 1879.84 
-0.0274986 -0.964835 -0.261415 -7774.06 
0 0 0 1 
1.81889 0 0 0 
0 2.72833 0 0 
0 0 -1.00001 -1.00001 
0 0 -1 0 
images/beggs_86765915.jpg
0.999632 -0.0269784 0.00283683 -201.264 
-0.00900544 -0.231385 0.97282 2160.71 
-0.0255888 -0.972488 -0.231543 -7800.2 
0 0 0 1 
10.4283 0 0 0 
0 15.6424 0 0 
0 0 -1.00001 -1.00001 
0 0 -1 0 
images/beggs_86766300.jpg
0.984217 0.176853 -0.0063132 1207.61 
0.0700818 -0.356763 0.931562 1099.47 
0.162497 -0.917302 -0.363527 -7905.42 
0 0 0 1 
12.8342 0 0 0 
0 19.2513 0 0 
0 0 -1.00001 -1.00001 
0 0 -1 0 
images/beggs_88122511.jpg
0.999751 -0.0215793 -0.00567602 -180.196 
0.000506708 -0.232357 0.972631 2186.53 
-0.0223076 -0.972391 -0.232288 -7431.07 
0 0 0 1 
1.69348 0 0 0 
0 2.54022 0 0 
0 0 -1.00001 -1.00001 
0 0 -1 0 
images/beggs_88122670.jpg
0.891165 0.453445 0.0145496 1164.49 
0.0363377 -0.103309 0.993985 3004.38 
0.452221 -0.885277 -0.108543 -8766.92 
0 0 0 1 
1.77322 0 0 0 
0 2.66027 0 0 
0 0 -1.00001 -1.00001 
0 0 -1 0 
images/beggs_88419726.jpg
0.6694 0.742866 -0.0073865 1853.77 
0.180185 -0.152704 0.971707 1937.33 
0.72072 -0.651792 -0.236073 -8061.17 
0 0 0 1 
1.78974 0 0 0 
0 2.68461 0 0 
0 0 -1.00001 -1.00001 
0 0 -1 0 
images/beggs_88420002.jpg
0.891051 0.453856 -0.00654753 702.514 
0.0644848 -0.112297 0.99158 2732.02 
0.449299 -0.88397 -0.12933 -9238.25 
0 0 0 1 
1.83024 0 0 0 
0 2.74536 0 0 
0 0 -1.00001 -1.00001 
0 0 -1 0 
images/beija_1679674454.jpg
0.908251 0.41838 0.00611682 1928.14 
0.0617123 -0.1484 0.987 2689.28 
0.413849 -0.896067 -0.160603 -7725.9 
0 0 0 1 
1.57151 0 0 0 
0 2.36318 0 0 
0 0 -1.00001 -1.00001 
0 0 -1 0 
images/beija_1679857829.jpg
0.809292 0.587144 0.0175601 2308.34 
-0.00878886 -0.0177877 0.999803 3774.99 
0.587341 -0.809287 -0.00923511 -8576.5 
0 0 0 1 
2.36716 0 0 0 
0 1.57416 0 0 
0 0 -1.00001 -1.00001 
0 0 -1 0 
images/benjroberts_304916048.jpg
0.991048 -0.132695 0.0146869 -729.397 
-0.0742843 -0.45668 0.886524 855.94 
-0.11093 -0.879679 -0.462449 -6870.61 
0 0 0 1 
5.07312 0 0 0 
0 3.80484 0 0 
0 0 -1.00001 -1.00001 
0 0 -1 0 
images/benleto_428261909.jpg
0.999876 -0.0157409 0.000828915 -199.926 
-0.00556513 -0.303323 0.952871 1880.98 
-0.0147477 -0.952758 -0.303373 -6775.14 
0 0 0 1 
2.79727 0 0 0 
0 2.05949 0 0 
0 0 -1.00001 -1.00001 
0 0 -1 0 
images/bernardowolff_1435366113.jpg
0.992139 0.124997 0.00602739 353.501 
0.0639377 -0.547719 0.834216 722.863 
0.107576 -0.827272 -0.551405 -6042.53 
0 0 0 1 
2.98438 0 0 0 
0 2.23829 0 0 
0 0 -1.00001 -1.00001 
0 0 -1 0 
images/bgarciagil_2453404543.jpg
0.820316 0.570231 0.0438072 2265.29 
0.0925727 -0.207979 0.973743 1808.03 
0.564369 -0.794721 -0.223396 -9150.23 
0 0 0 1 
2.99588 0 0 0 
0 3.9945 0 0 
0 0 -1.00001 -1.00001 
0 0 -1 0 
images/bgarciagil_2454246228.jpg
0.990135 0.137125 0.0288105 245.724 
0.0630166 -0.619431 0.782518 489.482 
0.125149 -0.772983 -0.621961 -5684.15 
0 0 0 1 
2.10926 0 0 0 
0 2.81235 0 0 
0 0 -1.00001 -1.00001 
0 0 -1 0 
images/bitboy_2129963135.jpg
0.999985 -0.00391102 0.00372472 -96.302 
-0.00461397 -0.260156 0.965555 2025.89 
-0.00280731 -0.965559 -0.26017 -7511.76 
0 0 0 1 
1.62336 0 0 0 
0 2.42462 0 0 
0 0 -1.00001 -1.00001 
0 0 -1 0 
images/bitboy_2129963147.jpg
0.860445 -0.499069 -0.102787 -1885.72 
-0.172237 -0.474721 0.863119 1844.71 
-0.479551 -0.724962 -0.494429 -4319.31 
0 0 0 1 
11.0287 0 0 0 
0 16.4722 0 0 
0 0 -1.00001 -1.00001 
0 0 -1 0 
images/blahman_447239432.jpg
0.942485 0.332317 0.0358938 927.84 
0.127775 -0.457434 0.880015 1937.25 
0.308863 -0.824815 -0.473586 -4631.25 
0 0 0 1 
2.99781 0 0 0 
0 2.24835 0 0 
0 0 -1.00001 -1.00001 
0 0 -1 0 
images/bliksemtobey_1491802280.jpg
0.93877 0.344296 0.0130969 733.235 
0.104897 -0.32181 0.940975 1894.96 
0.328188 -0.881986 -0.338221 -6265.81 
0 0 0 1 
2.7223 0 0 0 
0 2.04172 0 0 
0 0 -1.00001 -1.00001 
0 0 -1 0 
images/bliksemtobey_1491950764.jpg
0.824479 0.564613 -0.0380217 1843.13 
0.0656967 -0.0287662 0.997425 3434.83 
0.562066 -0.824854 -0.0608103 -8894.65 
0 0 0 1 
2.05926 0 0 0 
0 2.74568 0 0 
0 0 -1.00001 -1.00001 
0 0 -1 0 
images/borkurdotnet_2285670951.jpg
0.994196 0.106784 0.013123 211.309 
0.00521281 -0.169644 0.985491 2447.63 
0.107461 -0.979703 -0.169216 -10168.2 
0 0 0 1 
4.43791 0 0 0 
0 3.48045 0 0 
0 0 -1.00001 -1.00001 
0 0 -1 0 
images/buggolo_353270701.jpg
0.867406 0.0558446 -0.494457 -1169.5 
0.379849 -0.716201 0.585466 -779.92 
-0.321436 -0.695656 -0.64245 -5939.93 
0 0 0 1 
2.21478 0 0 0 
0 2.95304 0 0 
0 0 -1.00001 -1.00001 
0 0 -1 0 
images/carltonbrowne_2442387633.jpg
0.883523 0.467769 -0.0240587 877.691 
0.181498 -0.294558 0.93824 1822.98 
0.431793 -0.833324 -0.345147 -6448.66 
0 0 0 1 
2.81033 0 0 0 
0 2.10774 0 0 
0 0 -1.00001 -1.00001 
0 0 -1 0 
images/carltonbrowne_2442388377.jpg
0.975804 0.205945 0.0734346 665.084 
0.0647381 -0.59294 0.80264 648.024 
0.208842 -0.778465 -0.591926 -5653.72 
0 0 0 1 
8.0177 0 0 0 
0 10.6903 0 0 
0 0 -1.00001 -1.00001 
0 0 -1 0 
images/carltonbrowne_2442389979.jpg
0.975697 0.214064 0.0468168 595.279 
0.0591592 -0.463059 0.884351 1511.07 
0.210986 -0.860089 -0.464469 -5493.13 
0 0 0 1 
7.99133 0 0 0 
0 10.6551 0 0 
0 0 -1.00001 -1.00001 
0 0 -1 0 
images/cayetano_2163151497.jpg
0.999677 -0.0244135 -0.0070267 -255.876 
-0.0016246 -0.33746 0.941339 1215.91 
-0.0253526 -0.941023 -0.337391 -8195.12 
0 0 0 1 
2.84668 0 0 0 
0 2.13501 0 0 
0 0 -1.00001 -1.00001 
0 0 -1 0 
images/cayetano_2163167637.jpg
0.952052 0.221312 0.211231 1025.64 
0.0615102 -0.814808 0.576458 -757.992 
0.29969 -0.535825 -0.789353 -5262.78 
0 0 0 1 
2.10987 0 0 0 
0 2.81316 0 0 
0 0 -1.00001 -1.00001 
0 0 -1 0 
images/cayetano_2163959470.jpg
0.961518 -0.273301 -0.0281046 -860.657 
-0.151564 -0.612968 0.775434 190.63 
-0.229155 -0.741334 -0.630803 -5914.14 
0 0 0 1 
2.09625 0 0 0 
0 2.795 0 0 
0 0 -1.00001 -1.00001 
0 0 -1 0 
images/cayetano_2163974726.jpg
0.998127 -0.0580193 -0.019416 -888.915 
-0.0091604 -0.455491 0.890193 1923.12 
-0.0604922 -0.888348 -0.455169 -4826.63 
0 0 0 1 
2.0925 0 0 0 
0 2.79 0 0 
0 0 -1.00001 -1.00001 
0 0 -1 0 
images/celesteh_102619569.jpg
0.768011 -0.63734 -0.0628974 -1771.24 
-0.390769 -0.544154 0.742426 231.464 
-0.507404 -0.545613 -0.666969 -5475.13 
0 0 0 1 
